CONFIG_MODE
1040369992007700

FLOOR_SENSOR_MODE
1040374788951000
1040379826452000
1040380780389800
1040384829507300
1040385805225600
1040386780341400
1040389832432400
1040390812721100
1040391787003600
1040394834505100
1040395819834200
1040396789530500
1040398782281700
1040399837242900
1040400822647300
1040401792762600
1040403801639500
1040404840305100
1040405828030900
1040406798137400
1040408803743400
1040409845302100
1040410831129300
1040411801063300
1040413804885500
1040414847898100
1040415833310100
1040416802636300
1040418806767100
1040419850352400
1040421805871500
1040423808496500
1040424852726700
1040426808105300
1040428810258300
1040429854883000
1040431809985000
1040433812442200
1040434860200100
1040436812435200
1040438817974300
1040439862438600
1040441813853600
1040443822717800
1040444867059100
1040446782576100
1040446815277500
1040448825252600
1040449869263200
1040451817180400
1040453826238000
1040454873472200
1040456823256400
1040458826081500
1040459877154900
1040461834985800
1040463826520400
1040464289619900
1040464886067400
1040466836231500
1040468826764100
1040469888209900
1040470785311300
1040471838054500
1040473827318700
1040474889780200
1040476839170700
1040478828262200
1040479892363300
1040481840549300
1040483828948800
1040484896512900
1040486841865500
1040488829869400
1040489898746400
1040491846191300
1040493829970000
1040494901971200
1040496847971900
1040498830309400
1040499906389600
1040501849570300
1040503831397400
1040504907308800
1040506854015800
1040508831375200
1040509909124100
1040511859155900
1040513831778300
1040514913404400
1040516861009600
1040518832298500
1040519917270200
1040521865429500
1040523833483200
1040524924804100
1040526868529200
1040528834231200
1040529926323700
1040531872587800
1040533835070500
1040534927829600
1040536875371800
1040538835852400
1040539930645700
1040541876442700
1040543835835500
1040544933110400
1040546878112600
1040548836566700
1040549939681400
1040551879669600
1040553837922600
1040554943811400
1040556881890600
1040558837340200
1040559947557200
1040561885525700
1040563838208800
1040566889825100
1040568837999000
1040571892988700
1040573837970200
1040576894588700
1040578839068700
1040581897218600
1040583839495900
1040586899319200
1040588840601700
1040591909381300
1040593841955000
1040596912024300
1040598841817600
1040601913434800
1040603842747000
1040606914515900
1040611915659600
1040616916623400
1040621917993400
1040626919300800
1040631920670000
1040636922435100
1040641927013700
1040646931291100
1040651932496500
1040656935101000
1040661937649600
1040666938945200
1040671940631700
1040676941808300
1040681943540900

FLOOR_REQUEST_MODE
1040392783371200
1040404788663900
1040410787440600
1040416782757900
1040422783181600
1040428783300400
1040434787230100
1040440786294000
1040452785008500
1040458781146400
1040464786003400
1040476785321200
1040482786121800
1040488788670800

ELEVATOR_BUTTON_HIT_MODE

ELEVATOR_DIRECTION_MODE

ELEVATOR_DOOR_MODE

SEND_DESTINATION_TO_ELEVATOR_MODE

TEARDOWN_MODE

CONFIG_CONFIRM_MODE
1040370000701300

ELEVATOR_STOPPED_MODE
1040380793334800
1040386784298600
1040398795877900
1040414849054200
1040415834082400
1040416803662700
1040443823749400
1040444868114200
1040449871781500
1040454874852100
1040456831917600
1040458827232100
1040459882577400
1040464292495600
1040464887125500
1040468829767200
1040479895583200
1040486844647700
1040488834894500
1040494904513200
1040509911878600
1040513834592500
1040519921807600
1040533840925800
1040544936790300
1040553842719800
1040558838230700
1040559948324000
1040559948596400
1040563843598700
1040573839831400
1040586904637100
1040588845445900
1040593846805900
1040593847407500
1040598842253600
1040603843390400
1040681944241700
1040681944815400

ERROR_MESSAGE_MODE
1040413778180800
1040461785123200

FIX_ERROR_MODE

FIX_DOOR_MODE
1040464288835200

ALL_REQUESTS_FINISHED_MODE

