CONFIG_MODE
3278500

FLOOR_SENSOR_MODE
10053400
7318400
27426100
6747000
4566800
15554900
4811800
2802900
3657100
6071300
3089400
4664300
10048800
2822000
3306000
2890900
3392400
2636300
2850300
2739200
1650700
2346100
3944800
1789100
2957000
12450400
2692000
1377900
1639300
2249500
2398700
11015000
2502500
2737500
1788900
1940200
8307600
1101100
935900
9298700
4186500
1413700
4999200
4821100
17619000
9231400
3452900
3006800
2940200
14121100
3694600
4238500
4565800
12807700
5098900
5330400
8392600
2285200
870900
2998700
1769000
28512600
2853800
8685700
4204100
5699000
16594400
6937200
2068700
4451700
3915000
1712100
1011800
10697600
11910200
2362600
2294600
663600
1955000
22250600
5777500
5245200
761100
1726400
4601900
877800
8615200
4777300
2539600
3721900
1394800
2111700
3097300
5015900
1576100
2276900
1742000
2610000
2913100
6399900
6272200
4474300
2003600
4347900
6738200
3254100
2720300
4787200
2183500
3960500
634700
4002400
2734500
16042900
1561600
2695600
1607600
4349100
1893300
2005200
5116700
5311100
2384600
2172900
1511200
1037000
1451600
9037700
11374700
1849200
1554100
2280900
1512200
1247400
2660400
6363200
6250700
2519000
10827700
7224300
1278500
10828500
3916000
1916500
3691700
2231200
5269300
4672200
897800
911400
1937200
1226600
3542200
581300
798800
1378900
1249500
1394000
1276000
3221500
1233500
643200
1611800
692700
1581700
2309200
554700
1532600
1862300
3309400
723500
761100
1185000
1158200
3791700
1249900
1878700
1337000
2103500
4949700
943400
780900
768400
1891700
4477000
1190900
695800

FLOOR_REQUEST_MODE
1547700
1480600
1318300
1552800
593600
811000
798700
802400
503500
985200
965500

ELEVATOR_BUTTON_HIT_MODE

ELEVATOR_DIRECTION_MODE

ELEVATOR_DOOR_MODE

SEND_DESTINATION_TO_ELEVATOR_MODE

TEARDOWN_MODE

CONFIG_CONFIRM_MODE
2323800

ELEVATOR_STOPPED_MODE
190100
285100
514900
643300
272600
34700
54000
52400
59600
34400
76400
27900
58000
58700
67800
51200
24300
76700
35300
335100
42900
54600
27300
64700
44800
42100
42400
31800
157400
48700
43700
46800
32600
49000
45700
41900
22100
43100
26900
484800
650500
615600
325000

ERROR_MESSAGE_MODE
3634900
291700

FIX_ERROR_MODE

FIX_DOOR_MODE
59600

ALL_REQUESTS_FINISHED_MODE

Finish Request Times: 
1831595302602600
1831610298562500
1831660318863800
1831610298562500
1831595302602600
1831695329751500
1831805394707300
1831760389528200
1831611275260100
1831694158826400
1831690197466100
1831670165003300
1831680179427400
1831705217593500
1831574147213900
1831599148819600
1831784200876200
1831774200947600
1831714161109500
1831774200947600

