CONFIG_MODE

FLOOR_SENSOR_MODE

FLOOR_REQUEST_MODE

ELEVATOR_BUTTON_HIT_MODE

ELEVATOR_DIRECTION_MODE
1093748555867499
1093753560944400
1093754557955400
1093755568160000
1093756567818600
1093760575659800
1093761574928700
1093762582910999
1093766582361700
1093767588473600
1093771584643400
1093772595350900
1093774602771699
1093776590632899
1093779607705300
1093781592030600
1093784614565700
1093786597404199
1093791603031500
1093796608338000
1093798613367999
1093803616622800
1093808619259300
1093813621715399
1093818627447499
1093823630452600
1093828636078600
1093833637545700
1093838642896500
1093840648750199
1093845650165200
1093850653674500

ELEVATOR_DOOR_MODE

SEND_DESTINATION_TO_ELEVATOR_MODE

TEARDOWN_MODE

CONFIG_CONFIRM_MODE


ERROR_MESSAGE_MODE

FIX_ERROR_MODE

FIX_DOOR_MODE

ALL_REQUESTS_FINISHED_MODE
1093850656230900

