CONFIG_MODE
1093745224764399

FLOOR_SENSOR_MODE
1093753559192600
1093755563231800
1093756563044900
1093760572385900
1093761570165599
1093762577684999
1093766578105100
1093767584979600
1093771583837000
1093772591377400
1093774598854500
1093776586686800
1093779604225999
1093781591103500
1093784610497500
1093786593888700
1093786615965999
1093791599537400
1093796604826100
1093798609972599
1093803614041599
1093808618033800
1093813619465200
1093818623927800
1093823628943000
1093828632492299
1093833636712000
1093838639083900
1093840645053100
1093845649267799
1093850651757299
1093852655755700

FLOOR_REQUEST_MODE
1093748549985800
1093751551279800
1093754550388900
1093757551932300

ELEVATOR_BUTTON_HIT_MODE

ELEVATOR_DIRECTION_MODE

ELEVATOR_DOOR_MODE

SEND_DESTINATION_TO_ELEVATOR_MODE

TEARDOWN_MODE

CONFIG_CONFIRM_MODE
1093745231213100


ERROR_MESSAGE_MODE

FIX_ERROR_MODE

FIX_DOOR_MODE

ALL_REQUESTS_FINISHED_MODE

