CONFIG_MODE
1168706088717800

FLOOR_SENSOR_MODE

FLOOR_REQUEST_MODE

ELEVATOR_BUTTON_HIT_MODE

ELEVATOR_DIRECTION_MODE
1168721877196600
1168723890908800
1168725901798900
1168728880045600
1168730887425400
1168730908920400
1168732895134700
1168735881577500
1168735912118000
1168737886370100
1168737897579500
1168739888475400
1168740919373600
1168742882806900
1168742904035000
1168744893030700
1168744898336900
1168745924401400
1168746896324300
1168747909924000
1168749904986800
1168750927328600
1168751901167200
1168752913781000
1168754908989400
1168755931612100
1168756908085600
1168757917871500
1168759911052700
1168760937101800
1168761913593900
1168762921970400
1168764912980200
1168765943412700
1168766919322000
1168767927040700
1168767949696800
1168769918031500
1168771923400200
1168772932943600
1168772954333100
1168774924086700
1168776929063600
1168777935723200
1168777957083800
1168779926898200
1168779939944400
1168779960720900
1168781933707200
1168784932316200
1168784944830800
1168784963238900
1168786936335300
1168789935848500
1168789967541800
1168789968588300
1168794941531500
1168794972560600
1168794975791300
1168796980616600
1168799944897200
1168799976060600
1168801983429500
1168804951425100
1168804978638200
1168806957357900
1168806987318400
1168808992060500
1168809983013500
1168811961185500
1168813998319400
1168814988507900
1168816965896100
1168819001444900
1168819994289500
1168820466549700
1168822470138400
1168824006771700
1168824999931700
1168827469972500
1168830004778300
1168832011352500
1168832471339000
1168837015413500
1168842020304800
1168847025347300
1168852029377500
1168857032752800
1168862036150900
1168867040582400
1168872041815100
1168877042859700
1168882047044900
1168884050199200
1168889054085500
1168894058702500
1168899080813000
1168904082940100
1168909085227200
1168911086819900
1168916090950000
1168921095315300
1168926099322400
1168931103983000
1168936108532000
1168936109627000
1168946113823400

ELEVATOR_DOOR_MODE
1168721875201400
1168721878021600
1168723895038000
1168728877890400
1168728881625000
1168730888402400
1168730909836600
1168735884336600
1168735886212000
1168735913376000
1168737886833600
1168737898389600
1168739888847300
1168742879526800
1168742884465300
1168742906530200
1168744894607700
1168744901330000
1168745926210400
1168746897057000
1168749878764900
1168749906093000
1168750927695100
1168751902964100
1168752914644600
1168754910595600
1168755933966500
1168756909892300
1168757918660100
1168759911443500
1168760939301500
1168761914852000
1168763881178700
1168764913204000
1168765945110600
1168766920525700
1168767928865300
1168767951598800
1168770883142900
1168771925057600
1168772934196900
1168772956065600
1168774925171800
1168777880867800
1168777936418000
1168777957484600
1168779927985600
1168779941265800
1168779962232000
1168784879888000
1168784933600200
1168784946437500
1168784964216300
1168786936828500
1168789937410700
1168789969526400
1168789970129900
1168794942583900
1168794973633400
1168794977002800
1168796981867000
1168799946657100
1168799976663000
1168801983967600
1168804952454600
1168804979466100
1168806958203400
1168806988688200
1168808993294000
1168809984379200
1168811962968100
1168813999456600
1168816878018700
1168816966524400
1168819002449000
1168819995991500
1168820466834400
1168822470884000
1168824007664200
1168825001190600
1168827470756100
1168830006021000
1168832012208400
1168832472561600
1168837016871600
1168842021452300
1168847026116900
1168852030752200
1168857033898300
1168862037420600
1168867041652700
1168872042008000
1168877043007600
1168882048719300
1168884050370400
1168889055047500
1168894059950500
1168899082008700
1168904083783900
1168909085481600
1168911087859000
1168916091946300
1168921096565800
1168926100126000
1168931105209000
1168941110841000
1168941110955400

SEND_DESTINATION_TO_ELEVATOR_MODE
1168718212984500
1168725907761500
1168732896741500
1168740920996000
1168747912308000
1168762923794400
1168769919084100
1168776930024000

TEARDOWN_MODE

CONFIG_CONFIRM_MODE

ERROR_MESSAGE_MODE
1168781934600700
1168814990225000

FIX_ERROR_MODE

FIX_DOOR_MODE

ALL_REQUESTS_FINISHED_MODE


