CONFIG_MODE

FLOOR_SENSOR_MODE

FLOOR_REQUEST_MODE

ELEVATOR_BUTTON_HIT_MODE

ELEVATOR_DIRECTION_MODE
15169100
9044900
18209200
16331800
4328300
8765600
9641600
5910499
6626000
6578000
8535499
7132599
4650599
8914600
7685500
2664499
5584300
4034100
867600
966800
2950601
1904701
3141000
1431000
2868800
2949000
1305501
2687001
1597001
2768599
2012100
3651900
3665400
1856101
565300
1707300
2148400
1004800
1331601
2019000
2904500
3314600
3411200
3269800
3620400
3211701
2971800
4487300
2852300
674100
1823399
2859500
3316601
3056000
1770700
4690500
4183200
3551101
3048201
4785100
3416900
1932501
3115500
3442399
3159701
1355100
1299000
3422299
3363600
2479601
3037001
948400
623600
2988300
4429299
3050000
3716900
1239399
618200
3022400
3098400
3147900
3429101
1511400
3575100
3020300
3127900
2927201
2929899
3007299
4024100
2127201
3588999
2879901
1710600
1805800
2610200
1121501
1557400
1583500
1895100
713701
11228800
1895900
2723300
1789300
2021201
1927299
425400
1345400
925601
493400
2031300
3162501
1964601
2269699
2037601
1807000
2734701
1752600
1863600
2471100
2052600
1788199
2331700
1465400
901500
1912100
1916600
1993401
2916700
2493400
2024500
1874699
1921400
2411300
2118000
3106100
1916099
2154300
1993900
2219700
1975600
2930499
2502900
3157999
2478200
1132500
2474600
4051500
489200
1010200
813500
3528100
2871099
1330300
1996900
2564000
1085700
1921600
2213100
2004900
1105600
1099200
1956800
1504800
5863000
1404499
1456500
2003700
1980599
1257899
2017501
1448200
2948200
2566800
1080100
934900
2088700
1129400
2791000
2004500
2158200
918699
615699
1927600
1807200
2095999
1252099
1487700
1180201
1694100

ELEVATOR_DOOR_MODE

SEND_DESTINATION_TO_ELEVATOR_MODE

TEARDOWN_MODE

CONFIG_CONFIRM_MODE

ERROR_MESSAGE_MODE

FIX_ERROR_MODE

FIX_DOOR_MODE

ALL_REQUESTS_FINISHED_MODE
1901


