CONFIG_MODE
10846146100

FLOOR_SENSOR_MODE

FLOOR_REQUEST_MODE

ELEVATOR_BUTTON_HIT_MODE

ELEVATOR_DIRECTION_MODE
80400
328900
1244500
485400
165299
298100
2018174100
202399
90200
195300
24100
105300
137100
1008982200
81201
191199
15801
107801
118000
1008435200
200500
2042036999
73500
10901
50100
114400
148800
87500
89000
102900
108300
102600
52148801
107500
13800
17600
171399
29100
17399
120000
84001
74001
99199
104900
115301
92399
69201
19100
101299
285001
97500
25500
16601
18099
19000
117300
53200
39299
168000
378700
320800
16800
72400
14500
16400
14100
90600
18601
62400
116801
72300
53200
46000
46100
33800
124901
13101
1293400
139200
81200
104800
46600
92400
178200
92600
64800
167200
17300
117800
80500
68500
48300
156000
91400
107600
106901
125900
17001
62301
45900
96499
16401
86299
26001
23800
49799
24600
10300
325001
39900
15400
127300
118800
13500
105200
18699
468200
148101
69800
39800
58101
23599
51201
24199
22900
38201
82000
20401
23099
11400
18601
17199
120800
15100
18600
141000
38199
45500
99500
19900
146901
30800
18001
17900
135100
72100
18601
92100
44801
25200
159500
33900
23000
80000
754100
20900
16700
16799
19300
11201
17299
14500
17900
17299
157200
24299
21500
40401
12401
138000
16600
22900
17999
17300
72900
54799
97900
42500
84899
67300
21101
17100
19900
26600
72000
61500
17300
38200
18399
19300
42600
17100
95400
17600
45100
13601
52499
252500
433701
183800
351900
66400
27100
23501
18600
58400
16801
378300
205499
16700
26600
81500
196200
47501
17700
153100
17100
25499
394799
14452300
42000
81001
13899
62800

ELEVATOR_DOOR_MODE
516101
2006086399
1026890900
85900
37758900
1963601400
95600
1017925900
3033578201
1007851200
8001
2001130000
31901300
70600
960092400
1032661200
1008186800
961105800
35381700
13600
960475700
8999
68400
47939601
961819300
990726900
46577299
1954528901
35377100
1050769101
1955415100
34209901
6600
1954592200
34291599
1965918900
1043294301
1040059699
1966698600
1043704900
42519800
1966867400
1043608699
956850200
1032281900
10397500
3015364900
1033362600
10208700
60607499
1953208500
1042184900
2003771300
1019298199
47011500
993839401
163701
15750700
47634000
1954001700
45956000
2931467099
1021143600
47363200
1953117399
47400400
931035601
2023375201
47479701
931127900
1021684301
47582400
930357999
3026415900
47425200
929814600
8300
2027763800
46075499
929225800
1994570100
2029073801
46349200
929562701
1024354000
46175999
923286700
3009265501
1019885700
46240301
924035001
1029252699
1978763300
1067610200
923911000
1029055599
971665399
1006323901
1067670501
1954523800
970556501
1006401299
1068214000
1954114000
971238100
1006467200
1066740501
1955560100
971120900
1006129100
1065611800
935382200
1021223299
42270600
928244900
3007400100
1021483200
42200600
928202400
3006960300
1021966300
42436601
928613201
5568300
1021824000
3043081901
929329500
5459701
1021217100
3042551100
930538101
5553000
1021020599
979621700
1021096600
1040947299
930626201
2007181800
1019357300
1040493000
933338100
2004995301
1020238901
1040317800
933779000
1066182601
938498801
1020654000
1973982701
1066390799
938837900
1019431400
1973576000
1067309600
939888399
1017081100
3041077400
940785799
1018383200
3041023799
941018899
1016882301
3042328999
940790300
1016765100
3041629001
941400600
1017286200
3040572700
941702801
1016740900
3041824101
941350200
1017240701
41533001
3941537399
1017472600
41173500
3941733300
1016973200
40798700
941529301
4016463001
41715001
942216601
4015693201
42001801
942384900
4015019600
42678000
941832900
4015876800
42718000
941934299
4014624800
43467100
943661100
4012687100
42380000
942059100
1013670101
3042110400
941094600
1014111800
3044133501
942130100
4057928900
943637200
4055103000
943122599
4057502300
942649200
4060111900
941431799
4057102800
942847101
4056567099
943453900
4057291100
942031300
4042797500
957496600
4039382099
5002459600

SEND_DESTINATION_TO_ELEVATOR_MODE
5643705201
3975251300
4960123700
958246201
1957115400
1997024300
2994962101
958743700
1958638801
2957993200
949736800
1946778300
940734600
1941307400
934305400
3000227500
998446100
1998046600
995815899
1994603700

TEARDOWN_MODE

CONFIG_CONFIRM_MODE


ERROR_MESSAGE_MODE
988381300
941376001

FIX_ERROR_MODE

FIX_DOOR_MODE

ALL_REQUESTS_FINISHED_MODE

