CONFIG_MODE
2655500

FLOOR_SENSOR_MODE
1511500
3223200
711100
1839900
3127100
2041900
2605700
2204800
1382700
3361500
953400
1311300
2841300
2285000
2225900
1144300
1761800
777900
647200
780100
1518600
2395500
1196200
1610200
1318200
2805400
624800
1263200
492000
2739200
1507300
843600
459900
1829300
352300
1106300
376000
660000
474500
1122100
1330800
661600
742700
3870000
624500
1205000
4674100
1519300
8462800
1658000
699800
539700
599500
1426100
4363500
1677000
1471200
3845300
942000
2158600
1881400
541700
1699600
380900
2018400
583300
2077400
1724700
1534300
2109400
2346100
3301500
539200
361100
739100
1547800
1724000
1512100
932700
1947100
4257400
1738000
480500
1843300
2023700
1820000
1508900
1754300
1114600
2028800
2044000
405900
1993200
768400
375100
485300
1254200
912900
342200
755900
519200
987600
376200
1335900
491700
818300
358100
1618100
4108000
1682600
3681100
3820100
536700
1602900
438400
2082000
523300
395300
2042300
536300
1090800
6636500
1162400
1109100
2482800
300500
1628300
1188200
1885900
1330900
1401400
294800
341400
1444300
2038000
724300
505400
1459700
1342300
625000
396300
320000
448400
332700
4256700

FLOOR_REQUEST_MODE
4204400
13486600
3074100
1265000
7609400
1012500
452900
239600
453400
641100
234100
312700
618300
595600
512200
454000
2353800
157400
789300
622000

ELEVATOR_BUTTON_HIT_MODE

ELEVATOR_DIRECTION_MODE

ELEVATOR_DOOR_MODE

SEND_DESTINATION_TO_ELEVATOR_MODE

TEARDOWN_MODE

CONFIG_CONFIRM_MODE
1068300

ELEVATOR_STOPPED_MODE
79500
25100
29900
19000
20000
9400
9900
26900
21900
47600
21400
32400
11100
11200
9200
22600
33700
17400
23900
39800
39700
16400
52900
6500
10800
11500
34100
49000
42200
67600
31100
54300
13200
15700
12500
12400
33900
1208400
678400

ERROR_MESSAGE_MODE
2860000
261600

FIX_ERROR_MODE

FIX_DOOR_MODE
29500

ALL_REQUESTS_FINISHED_MODE

Finish Request Times: 
1048016115461700
1048031128061500
1048061148685900
1048031128061500
1048016115461700
1048096173420900
1048111181599600
1048008078351400
1048040593928600
1048235700455100
1047995070776700
1048145090006400
1048085081933300
1048110087029000
1048065080871000
1048145090006400
1048125087973100
1048105084662900
1048115087552400
1048140092574400

